Исходная строка: 34534

Количество возможных перестановок: 720

Выполнил поток #1

Возможные перестановки: 


33445

33454

33445

33454

33544

33544

34345

34354

34435

34453

34534

34543

34345

34354

34435

34453

34534

34543

35344

35344

35434

35443

35434

35443

33445

33454

33445

33454

33544

33544

34345

34354

34435

34453

34534

34543

34345

34354

34435

34453

34534

34543

35344

35344

35434

35443

35434

35443

43345

43354

43435

43453

43534

43543

43345

43354

43435

43453

43534

43543

44335

44353

44335

44353

44533

44533

45334

45343

45334

45343

45433

45433

43345

43354

43435

43453

43534

43543

43345

43354

43435

43453

43534

43543

44335

44353

44335

44353

44533

44533

45334

45343

45334

45343

45433

45433

53344

53344

53434

53443

53434

53443

53344

53344

53434

53443

53434

53443

54334

54343

54334

54343

54433

54433

54334

54343

54334

54343

54433

54433
3
3445
3
3454
3
3445
3
3454
3
3544
3
3544
3
4345
3
4354
3
4435
3
4453
3
4534
3
4543
3
4345
3
4354
3
4435
3
4453
3
4534
3
4543
3
5344
3
5344
3
5434
3
5443
3
5434
3
5443
33
445
33
454
33
445
33
454
33
544
33
544
334
45
334
54
3344
5
33445

3345
4
33454

334
45
334
54
3344
5
33445

3345
4
33454

335
44
335
44
3354
4
33544

3354
4
33544

34
345
34
354
34
435
34
453
34
534
34
543
343
45
343
54
3434
5
34345

3435
4
34354

344
35
344
53
3443
5
34435

3445
3
34453

345
34
345
43
3453
4
34534

3454
3
34543

34
345
34
354
34
435
34
453
34
534
34
543
343
45
343
54
3434
5
34345

3435
4
34354

344
35
344
53
3443
5
34435

3445
3
34453

345
34
345
43
3453
4
34534

3454
3
34543

35
344
35
344
35
434
35
443
35
434
35
443
353
44
353
44
3534
4
35344

3534
4
35344

354
34
354
43
3543
4
35434

3544
3
35443

354
34
354
43
3543
4
35434

3544
3
35443

3
3445
3
3454
3
3445
3
3454
3
3544
3
3544
3
4345
3
4354
3
4435
3
4453
3
4534
3
4543
3
4345
3
4354
3
4435
3
4453
3
4534
3
4543
3
5344
3
5344
3
5434
3
5443
3
5434
3
5443
33
445
33
454
33
445
33
454
33
544
33
544
334
45
334
54
3344
5
33445

3345
4
33454

334
45
334
54
3344
5
33445

3345
4
33454

335
44
335
44
3354
4
33544

3354
4
33544

34
345
34
354
34
435
34
453
34
534
34
543
343
45
343
54
3434
5
34345

3435
4
34354

344
35
344
53
3443
5
34435

3445
3
34453

345
34
345
43
3453
4
34534

3454
3
34543

34
345
34
354
34
435
34
453
34
534
34
543
343
45
343
54
3434
5
34345

3435
4
34354

344
35
344
53
3443
5
34435

3445
3
34453

345
34
345
43
3453
4
34534

3454
3
34543

35
344
35
344
35
434
35
443
35
434
35
443
353
44
353
44
3534
4
35344

3534
4
35344

354
34
354
43
3543
4
35434

3544
3
35443

354
34
354
43
3543
4
35434

3544
3
35443

4
3345
4
3354
4
3435
4
3453
4
3534
4
3543
4
3345
4
3354
4
3435
4
3453
4
3534
4
3543
4
4335
4
4353
4
4335
4
4353
4
4533
4
4533
4
5334
4
5343
4
5334
4
5343
4
5433
4
5433
43
345
43
354
43
435
43
453
43
534
43
543
433
45
433
54
4334
5
43345

4335
4
43354

434
35
434
53
4343
5
43435

4345
3
43453

435
34
435
43
4353
4
43534

4354
3
43543

43
345
43
354
43
435
43
453
43
534
43
543
433
45
433
54
4334
5
43345

4335
4
43354

434
35
434
53
4343
5
43435

4345
3
43453

435
34
435
43
4353
4
43534

4354
3
43543

44
335
44
353
44
335
44
353
44
533
44
533
443
35
443
53
4433
5
44335

4435
3
44353

443
35
443
53
4433
5
44335

4435
3
44353

445
33
445
33
4453
3
44533

4453
3
44533

45
334
45
343
45
334
45
343
45
433
45
433
453
34
453
43
4533
4
45334

4534
3
45343

453
34
453
43
4533
4
45334

4534
3
45343

454
33
454
33
4543
3
45433

4543
3
45433

4
3345
4
3354
4
3435
4
3453
4
3534
4
3543
4
3345
4
3354
4
3435
4
3453
4
3534
4
3543
4
4335
4
4353
4
4335
4
4353
4
4533
4
4533
4
5334
4
5343
4
5334
4
5343
4
5433
4
5433
43
345
43
354
43
435
43
453
43
534
43
543
433
45
433
54
4334
5
43345

4335
4
43354

434
35
434
53
4343
5
43435

4345
3
43453

435
34
435
43
4353
4
43534

4354
3
43543

43
345
43
354
43
435
43
453
43
534
43
543
433
45
433
54
4334
5
43345

4335
4
43354

434
35
434
53
4343
5
43435

4345
3
43453

435
34
435
43
4353
4
43534

4354
3
43543

44
335
44
353
44
335
44
353
44
533
44
533
443
35
443
53
4433
5
44335

4435
3
44353

443
35
443
53
4433
5
44335

4435
3
44353

445
33
445
33
4453
3
44533

4453
3
44533

45
334
45
343
45
334
45
343
45
433
45
433
453
34
453
43
4533
4
45334

4534
3
45343

453
34
453
43
4533
4
45334

4534
3
45343

454
33
454
33
4543
3
45433

4543
3
45433

5
3344
5
3344
5
3434
5
3443
5
3434
5
3443
5
3344
5
3344
5
3434
5
3443
5
3434
5
3443
5
4334
5
4343
5
4334
5
4343
5
4433
5
4433
5
4334
5
4343
5
4334
5
4343
5
4433
5
4433
53
344
53
344
53
434
53
443
53
434
53
443
533
44
533
44
5334
4
53344

5334
4
53344

534
34
534
43
5343
4
53434

5344
3
53443

534
34
534
43
5343
4
53434

5344
3
53443

53
344
53
344
53
434
53
443
53
434
53
443
533
44
533
44
5334
4
53344

5334
4
53344

534
34
534
43
5343
4
53434

5344
3
53443

534
34
534
43
5343
4
53434

5344
3
53443

54
334
54
343
54
334
54
343
54
433
54
433
543
34
543
43
5433
4
54334

5434
3
54343

543
34
543
43
5433
4
54334

5434
3
54343

544
33
544
33
5443
3
54433

5443
3
54433

54
334
54
343
54
334
54
343
54
433
54
433
543
34
543
43
5433
4
54334

5434
3
54343

543
34
543
43
5433
4
54334

5434
3
54343

544
33
544
33
5443
3
54433

5443
3
54433

