Исходная строка: 6578

Количество возможных перестановок: 120

Выполнил поток #2
А теперь та самая переменная stroka: 6578



5678

5687

5768

5786

5867

5876

6578

6587

6758

6785

6857

6875

7568

7586

7658

7685

7856

7865

8567

8576

8657

8675

8756

8765
5
678
5
687
5
768
5
786
5
867
5
876
56
78
56
87
567
8
5678

568
7
5687

57
68
57
86
576
8
5768

578
6
5786

58
67
58
76
586
7
5867

587
6
5876

6
578
6
587
6
758
6
785
6
857
6
875
65
78
65
87
657
8
6578

658
7
6587

67
58
67
85
675
8
6758

678
5
6785

68
57
68
75
685
7
6857

687
5
6875

7
568
7
586
7
658
7
685
7
856
7
865
75
68
75
86
756
8
7568

758
6
7586

76
58
76
85
765
8
7658

768
5
7685

78
56
78
65
785
6
7856

786
5
7865

8
567
8
576
8
657
8
675
8
756
8
765
85
67
85
76
856
7
8567

857
6
8576

86
57
86
75
865
7
8657

867
5
8675

87
56
87
65
875
6
8756

876
5
8765

